# {
#     "poni_version": 2.1,
#     "detector": "Pilatus1M",
#     "detector_config": {
#         "orientation": 3
#     },
#     "dist": 0.1,
#     "poni1": 0.1,
#     "poni2": 0.1,
#     "rot1": 0.0,
#     "rot2": 0.0,
#     "rot3": 0.0,
#     "wavelength": 1e-10
# }
# Mask applied: from detector
# Dark current applied: False
# Flat field applied: False
# Polarization factor: None
# Normalization factor: 1.0
# --> lololo.dat
#       2th_deg             I 
  5.473564e-02    0.000000e+00
  1.642069e-01    0.000000e+00
  2.736782e-01    0.000000e+00
  3.831495e-01    0.000000e+00
  4.926208e-01    0.000000e+00
  6.020921e-01    0.000000e+00
  7.115634e-01    0.000000e+00
  8.210347e-01    0.000000e+00
  9.305060e-01    0.000000e+00
  1.039977e+00    0.000000e+00
  1.149449e+00    0.000000e+00
  1.258920e+00    0.000000e+00
  1.368391e+00    0.000000e+00
  1.477862e+00    0.000000e+00
  1.587334e+00    0.000000e+00
  1.696805e+00    0.000000e+00
  1.806276e+00    0.000000e+00
  1.915748e+00    0.000000e+00
  2.025219e+00    0.000000e+00
  2.134690e+00    0.000000e+00
  2.244161e+00    0.000000e+00
  2.353633e+00    0.000000e+00
  2.463104e+00    0.000000e+00
  2.572575e+00    0.000000e+00
  2.682047e+00    0.000000e+00
  2.791518e+00    0.000000e+00
  2.900989e+00    0.000000e+00
  3.010460e+00    0.000000e+00
  3.119932e+00    0.000000e+00
  3.229403e+00    0.000000e+00
  3.338874e+00    0.000000e+00
  3.448346e+00    0.000000e+00
  3.557817e+00    0.000000e+00
  3.667288e+00    0.000000e+00
  3.776759e+00    0.000000e+00
  3.886231e+00    0.000000e+00
  3.995702e+00    0.000000e+00
  4.105173e+00    0.000000e+00
  4.214645e+00    0.000000e+00
  4.324116e+00    0.000000e+00
  4.433587e+00    0.000000e+00
  4.543059e+00    0.000000e+00
  4.652530e+00    0.000000e+00
  4.762001e+00    0.000000e+00
  4.871472e+00    0.000000e+00
  4.980944e+00    0.000000e+00
  5.090415e+00    0.000000e+00
  5.199886e+00    0.000000e+00
  5.309358e+00    0.000000e+00
  5.418829e+00    0.000000e+00
  5.528300e+00    0.000000e+00
  5.637771e+00    0.000000e+00
  5.747243e+00    0.000000e+00
  5.856714e+00    0.000000e+00
  5.966185e+00    0.000000e+00
  6.075657e+00    0.000000e+00
  6.185128e+00    0.000000e+00
  6.294599e+00    0.000000e+00
  6.404070e+00    0.000000e+00
  6.513542e+00    0.000000e+00
  6.623013e+00    0.000000e+00
  6.732484e+00    0.000000e+00
  6.841956e+00    0.000000e+00
  6.951427e+00    0.000000e+00
  7.060898e+00    0.000000e+00
  7.170369e+00    0.000000e+00
  7.279841e+00    0.000000e+00
  7.389312e+00    0.000000e+00
  7.498783e+00    0.000000e+00
  7.608255e+00    0.000000e+00
  7.717726e+00    0.000000e+00
  7.827197e+00    0.000000e+00
  7.936668e+00    0.000000e+00
  8.046140e+00    0.000000e+00
  8.155611e+00    0.000000e+00
  8.265082e+00    0.000000e+00
  8.374554e+00    0.000000e+00
  8.484025e+00    0.000000e+00
  8.593496e+00    0.000000e+00
  8.702967e+00    0.000000e+00
  8.812439e+00    0.000000e+00
  8.921910e+00    0.000000e+00
  9.031381e+00    0.000000e+00
  9.140853e+00    0.000000e+00
  9.250324e+00    0.000000e+00
  9.359795e+00    0.000000e+00
  9.469267e+00    0.000000e+00
  9.578738e+00    0.000000e+00
  9.688209e+00    0.000000e+00
  9.797680e+00    0.000000e+00
  9.907152e+00    0.000000e+00
  1.001662e+01    0.000000e+00
  1.012609e+01    0.000000e+00
  1.023557e+01    0.000000e+00
  1.034504e+01    1.597480e-43
  1.045451e+01    8.084091e-41
  1.056398e+01    2.964650e-38
  1.067345e+01    9.005389e-36
  1.078292e+01    2.327375e-33
  1.089239e+01    4.635192e-31
  1.100186e+01    8.358917e-29
  1.111134e+01    1.203981e-26
  1.122081e+01    1.380241e-24
  1.133028e+01    1.338255e-22
  1.143975e+01    1.006350e-20
  1.154922e+01    6.250827e-19
  1.165869e+01    3.311796e-17
  1.176816e+01    1.436512e-15
  1.187763e+01    5.138475e-14
  1.198711e+01    1.490334e-12
  1.209658e+01    3.495198e-11
  1.220605e+01    6.777484e-10
  1.231552e+01    1.076834e-08
  1.242499e+01    1.425484e-07
  1.253446e+01    1.563177e-06
  1.264393e+01    1.387430e-05
  1.275341e+01    1.012558e-04
  1.286288e+01    6.068795e-04
  1.297235e+01    2.988537e-03
  1.308182e+01    1.220559e-02
  1.319129e+01    4.106771e-02
  1.330076e+01    1.130417e-01
  1.341023e+01    2.565743e-01
  1.351970e+01    4.786033e-01
  1.362918e+01    7.359667e-01
  1.373865e+01    9.329684e-01
  1.384812e+01    9.722170e-01
  1.395759e+01    8.345853e-01
  1.406706e+01    5.896700e-01
  1.417653e+01    3.435347e-01
  1.428600e+01    1.644348e-01
  1.439547e+01    6.459422e-02
  1.450495e+01    2.096792e-02
  1.461442e+01    5.613132e-03
  1.472389e+01    1.232910e-03
  1.483336e+01    2.230008e-04
  1.494283e+01    3.294069e-05
  1.505230e+01    3.992058e-06
  1.516177e+01    4.073163e-07
  1.527124e+01    3.386569e-08
  1.538072e+01    2.288105e-09
  1.549019e+01    1.266288e-10
  1.559966e+01    5.771140e-12
  1.570913e+01    2.165060e-13
  1.581860e+01    6.710358e-15
  1.592807e+01    1.725955e-16
  1.603754e+01    3.542793e-18
  1.614702e+01    5.851214e-20
  1.625649e+01    8.284468e-22
  1.636596e+01    9.593518e-24
  1.647543e+01    9.040180e-26
  1.658490e+01    6.903030e-28
  1.669437e+01    6.375732e-30
  1.680384e+01    3.251065e-28
  1.691331e+01    4.185487e-26
  1.702279e+01    4.670406e-24
  1.713226e+01    4.299369e-22
  1.724173e+01    3.111287e-20
  1.735120e+01    1.880760e-18
  1.746067e+01    9.328689e-17
  1.757014e+01    3.806615e-15
  1.767961e+01    1.282376e-13
  1.778908e+01    3.525202e-12
  1.789856e+01    7.834462e-11
  1.800803e+01    1.444008e-09
  1.811750e+01    2.228294e-08
  1.822697e+01    2.807892e-07
  1.833644e+01    2.859272e-06
  1.844591e+01    2.398719e-05
  1.855538e+01    1.677256e-04
  1.866485e+01    9.624278e-04
  1.877433e+01    4.503792e-03
  1.888380e+01    1.733666e-02
  1.899327e+01    5.525425e-02
  1.910274e+01    1.449099e-01
  1.921221e+01    3.112990e-01
  1.932168e+01    5.505899e-01
  1.943115e+01    8.033320e-01
  1.954063e+01    9.635975e-01
  1.965010e+01    9.507916e-01
  1.975957e+01    7.729615e-01
  1.986904e+01    5.163772e-01
  1.997851e+01    2.835268e-01
  2.008798e+01    1.285377e-01
  2.019745e+01    4.796619e-02
  2.030692e+01    1.464033e-02
  2.041640e+01    3.674855e-03
  2.052587e+01    7.644647e-04
  2.063534e+01    1.307201e-04
  2.074481e+01    1.816349e-05
  2.085428e+01    2.081957e-06
  2.096375e+01    1.980240e-07
  2.107322e+01    1.539815e-08
  2.118269e+01    9.696853e-10
  2.129217e+01    5.097167e-11
  2.140164e+01    2.210089e-12
  2.151111e+01    7.732083e-14
  2.162058e+01    2.218473e-15
  2.173005e+01    5.339903e-17
  2.183952e+01    5.617766e-18
  2.194899e+01    2.211628e-16
  2.205846e+01    8.573653e-15
  2.216794e+01    2.740430e-13
  2.227741e+01    7.315590e-12
  2.238688e+01    1.578318e-10
  2.249635e+01    2.764353e-09
  2.260582e+01    4.034623e-08
  2.271529e+01    4.861241e-07
  2.282476e+01    4.763826e-06
  2.293424e+01    3.846292e-05
  2.304371e+01    2.574798e-04
  2.315318e+01    1.403421e-03
  2.326265e+01    6.246595e-03
  2.337212e+01    2.324574e-02
  2.348159e+01    7.063267e-02
  2.359106e+01    1.764119e-01
  2.370053e+01    3.633557e-01
  2.381001e+01    6.144642e-01
  2.391948e+01    8.544071e-01
  2.402895e+01    9.783764e-01
  2.413842e+01    9.213405e-01
  2.424789e+01    7.143083e-01
  2.435736e+01    4.547722e-01
  2.446683e+01    2.383504e-01
  2.457630e+01    1.029020e-01
  2.468578e+01    3.620068e-02
  2.479525e+01    1.058532e-02
  2.490472e+01    2.546491e-03
  2.501419e+01    4.986972e-04
  2.512366e+01    8.094605e-05
  2.523313e+01    1.080472e-05
  2.534260e+01    1.168993e-06
  2.545207e+01    1.054644e-07
  2.556155e+01    7.766771e-09
  2.567102e+01    4.642561e-10
  2.578049e+01    2.324936e-11
  2.588996e+01    9.752373e-13
  2.599943e+01    9.563336e-13
  2.610890e+01    2.258350e-11
  2.621837e+01    4.611551e-10
  2.632785e+01    7.554720e-09
  2.643732e+01    1.031155e-07
  2.654679e+01    1.153723e-06
  2.665626e+01    1.050432e-05
  2.676573e+01    7.974901e-05
  2.687520e+01    4.919571e-04
  2.698467e+01    2.502321e-03
  2.709414e+01    1.049810e-02
  2.720362e+01    3.596663e-02
  2.731309e+01    1.020238e-01
  2.742256e+01    2.369260e-01
  2.753203e+01    4.529701e-01
  2.764150e+01    7.127472e-01
  2.775097e+01    9.210308e-01
  2.786044e+01    9.796648e-01
  2.796991e+01    8.569530e-01
  2.807939e+01    6.159420e-01
  2.818886e+01    3.642633e-01
  2.829833e+01    1.772390e-01
  2.840780e+01    7.069775e-02
  2.851727e+01    2.329827e-02
  2.862674e+01    6.265733e-03
  2.873621e+01    1.395645e-03
  2.884568e+01    2.536316e-04
  2.895516e+01    3.804126e-05
  2.906463e+01    4.676704e-06
  2.917410e+01    4.705726e-07
  2.928357e+01    3.922073e-08
  2.939304e+01    2.649687e-09
  2.950251e+01    1.985349e-10
  2.961198e+01    9.505050e-10
  2.972146e+01    1.482678e-08
  2.983093e+01    1.933111e-07
  2.994040e+01    2.044512e-06
  3.004987e+01    1.796871e-05
  3.015934e+01    1.282002e-04
  3.026881e+01    7.598957e-04
  3.037828e+01    3.665731e-03
  3.048775e+01    1.466677e-02
  3.059723e+01    4.789126e-02
  3.070670e+01    1.292362e-01
  3.081617e+01    2.854206e-01
  3.092564e+01    5.197362e-01
  3.103511e+01    7.764401e-01
  3.114458e+01    9.548997e-01
  3.125405e+01    9.649794e-01
  3.136352e+01    8.012107e-01
  3.147300e+01    5.476118e-01
  3.158247e+01    3.069580e-01
  3.169194e+01    1.418719e-01
  3.180141e+01    5.367129e-02
  3.191088e+01    1.675520e-02
  3.202035e+01    4.280336e-03
  3.212982e+01    9.015613e-04
  3.223929e+01    1.556638e-04
  3.234877e+01    2.205749e-05
  3.245824e+01    2.592132e-06
  3.256771e+01    2.464828e-07
  3.267718e+01    2.032877e-08
  3.278665e+01    1.545202e-08
  3.289612e+01    1.848454e-07
  3.300559e+01    1.974089e-06
  3.311506e+01    1.740614e-05
  3.322454e+01    1.249511e-04
  3.333401e+01    7.418316e-04
  3.344348e+01    3.602038e-03
  3.355295e+01    1.442072e-02
  3.366242e+01    4.755448e-02
  3.377189e+01    1.278442e-01
  3.388136e+01    2.840117e-01
  3.399084e+01    5.173495e-01
  3.410031e+01    7.751582e-01
  3.420978e+01    9.546439e-01
  3.431925e+01    9.662617e-01
  3.442872e+01    8.035085e-01
  3.453819e+01    5.503820e-01
  3.464766e+01    3.088588e-01
  3.475713e+01    1.424565e-01
  3.486661e+01    5.412435e-02
  3.497608e+01    1.685010e-02
  3.508555e+01    4.306953e-03
  3.519502e+01    9.083378e-04
  3.530449e+01    1.564549e-04
  3.541396e+01    2.214188e-05
  3.552343e+01    2.588663e-06
  3.563290e+01    2.460474e-07
  3.574238e+01    1.926171e-08
  3.585185e+01    1.245784e-09
  3.596132e+01    6.557321e-11
  3.607079e+01    2.839490e-12
  3.618026e+01    1.005614e-13
  3.628973e+01    2.941055e-15
  3.639920e+01    6.933812e-17
  3.650867e+01    1.359216e-18
  3.661815e+01    2.199431e-20
  3.672762e+01    2.869054e-22
  3.683709e+01    3.106828e-24
  3.694656e+01    2.727746e-26
  3.705603e+01    3.326100e-27
  3.716550e+01    3.861383e-25
  3.727497e+01    3.841258e-23
  3.738445e+01    3.217538e-21
  3.749392e+01    2.187826e-19
  3.760339e+01    1.217819e-17
  3.771286e+01    5.537065e-16
  3.782233e+01    2.107229e-14
  3.793180e+01    6.452108e-13
  3.804127e+01    1.628729e-11
  3.815074e+01    3.354274e-10
  3.826022e+01    5.705815e-09
  3.836969e+01    7.980543e-08
  3.847916e+01    9.088458e-07
  3.858863e+01    8.585896e-06
  3.869810e+01    6.613717e-05
  3.880757e+01    4.195081e-04
  3.891704e+01    2.184050e-03
  3.902651e+01    9.352120e-03
  3.913599e+01    3.279951e-02
  3.924546e+01    9.450619e-02
  3.935493e+01    2.238329e-01
  3.946440e+01    4.351783e-01
  3.957387e+01    6.955314e-01
  3.968334e+01    9.130077e-01
  3.979281e+01    9.843584e-01
  3.990228e+01    8.718550e-01
  4.001176e+01    6.343726e-01
  4.012123e+01    3.792268e-01
  4.023070e+01    1.860889e-01
  4.034017e+01    7.501886e-02
  4.044964e+01    2.484267e-02
  4.055911e+01    6.748637e-03
  4.066858e+01    1.504923e-03
  4.077806e+01    2.758312e-04
  4.088753e+01    4.153464e-05
  4.099700e+01    5.882310e-06
  4.110647e+01    7.865209e-06
  4.121594e+01    5.769827e-05
  4.132541e+01    3.705743e-04
  4.143488e+01    1.957780e-03
  4.154435e+01    8.492255e-03
  4.165383e+01    3.024983e-02
  4.176330e+01    8.843703e-02
  4.187277e+01    2.123248e-01
  4.198224e+01    4.187379e-01
  4.209171e+01    6.782874e-01
  4.220118e+01    9.024218e-01
  4.231065e+01    9.859821e-01
  4.242012e+01    8.847940e-01
  4.252960e+01    6.521143e-01
  4.263907e+01    3.947061e-01
  4.274854e+01    1.961215e-01
  4.285801e+01    8.001490e-02
  4.296748e+01    2.679533e-02
  4.307695e+01    7.362749e-03
  4.318642e+01    1.661746e-03
  4.329589e+01    3.078735e-04
  4.340537e+01    4.757414e-05
  4.351484e+01    1.312750e-05
  4.362431e+01    5.772703e-05
  4.373378e+01    3.679086e-04
  4.384325e+01    1.945619e-03
  4.395272e+01    8.452849e-03
  4.406219e+01    3.014854e-02
  4.417167e+01    8.828586e-02
  4.428114e+01    2.121992e-01
  4.439061e+01    4.187048e-01
  4.450008e+01    6.784581e-01
  4.460955e+01    9.029405e-01
  4.471902e+01    9.865655e-01
  4.482849e+01    8.850875e-01
  4.493796e+01    6.520591e-01
  4.504744e+01    3.968593e-01
  4.515691e+01    1.966837e-01
  4.526638e+01    8.021656e-02
  4.537585e+01    2.684554e-02
  4.548532e+01    7.386278e-03
  4.559479e+01    1.665967e-03
  4.570426e+01    3.089089e-04
  4.581373e+01    5.266986e-05
  4.592321e+01    5.199741e-05
  4.603268e+01    3.050349e-04
  4.614215e+01    1.647613e-03
  4.625162e+01    7.305480e-03
  4.636109e+01    2.658921e-02
  4.647056e+01    7.953297e-02
  4.658003e+01    1.952492e-01
  4.668950e+01    3.934593e-01
  4.679898e+01    6.510651e-01
  4.690845e+01    8.844975e-01
  4.701792e+01    9.866109e-01
  4.712739e+01    9.036575e-01
  4.723686e+01    6.796234e-01
  4.734633e+01    4.195335e-01
  4.745580e+01    2.125372e-01
  4.756528e+01    8.843315e-02
  4.767475e+01    3.018360e-02
  4.778422e+01    8.476402e-03
  4.789369e+01    1.946813e-03
  4.800316e+01    3.707380e-04
  4.811263e+01    8.024292e-05
  4.822210e+01    1.711368e-04
  4.833157e+01    9.491285e-04
  4.844105e+01    4.501841e-03
  4.855052e+01    1.753391e-02
  4.865999e+01    5.608999e-02
  4.876946e+01    1.472008e-01
  4.887893e+01    3.172950e-01
  4.898840e+01    5.613546e-01
  4.909787e+01    8.153376e-01
  4.920734e+01    9.723943e-01
  4.931682e+01    9.519807e-01
  4.942629e+01    7.652898e-01
  4.953576e+01    5.049609e-01
  4.964523e+01    2.734725e-01
  4.975470e+01    1.216386e-01
  4.986417e+01    4.434003e-02
  4.997364e+01    1.327217e-02
  5.008311e+01    3.259590e-03
  5.019259e+01    6.632486e-04
  5.030206e+01    1.532460e-04
  5.041153e+01    3.070653e-04
  5.052100e+01    1.591867e-03
  5.063047e+01    7.095812e-03
  5.073994e+01    2.596720e-02
  5.084941e+01    7.799149e-02
  5.095889e+01    1.923053e-01
  5.106836e+01    3.891818e-01
  5.117783e+01    6.465628e-01
  5.128730e+01    8.818108e-01
  5.139677e+01    9.872202e-01
  5.150624e+01    9.072545e-01
  5.161571e+01    6.844444e-01
  5.172518e+01    4.238659e-01
  5.183466e+01    2.155033e-01
  5.194413e+01    8.974533e-02
  5.205360e+01    3.067594e-02
  5.216307e+01    8.618340e-03
  5.227254e+01    1.989315e-03
  5.238201e+01    4.100494e-04
  5.249148e+01    2.996178e-04
  5.260095e+01    1.348673e-03
  5.271043e+01    6.094829e-03
  5.281990e+01    2.283327e-02
  5.292937e+01    7.007802e-02
  5.303884e+01    1.761225e-01
  5.314831e+01    3.646948e-01
  5.325778e+01    6.185129e-01
  5.336725e+01    8.611116e-01
  5.347672e+01    9.849058e-01
  5.358620e+01    9.247126e-01
  5.369567e+01    7.120551e-01
  5.380514e+01    4.512617e-01
  5.391461e+01    2.338147e-01
  5.402408e+01    1.002883e-01
  5.413355e+01    3.490691e-02
  5.424302e+01    1.015030e-02
  5.435250e+01    2.412886e-03
  5.446197e+01    4.679324e-04
  5.457144e+01    7.951431e-05
  5.468091e+01    1.272394e-05
